ID  Theta(deg)  Phi(deg)  Einc_mag|(V/m)  Einc_phase(deg) Pol_angle(deg)  outCurJ?(Y/N)
181 9810.0 0.001 10 1e-5 
1 90 0.0 1 0 0 0 
2 90 1.0 1 0 0 0 
3 90 2.0 1 0 0 0 
4 90 3.0 1 0 0 0 
5 90 4.0 1 0 0 0 
6 90 5.0 1 0 0 0 
7 90 6.0 1 0 0 0 
8 90 7.0 1 0 0 0 
9 90 8.0 1 0 0 0 
10 90 9.0 1 0 0 0 
11 90 10.0 1 0 0 0 
12 90 11.0 1 0 0 0 
13 90 12.0 1 0 0 0 
14 90 13.0 1 0 0 0 
15 90 14.0 1 0 0 0 
16 90 15.0 1 0 0 0 
17 90 16.0 1 0 0 0 
18 90 17.0 1 0 0 0 
19 90 18.0 1 0 0 0 
20 90 19.0 1 0 0 0 
21 90 20.0 1 0 0 0 
22 90 21.0 1 0 0 0 
23 90 22.0 1 0 0 0 
24 90 23.0 1 0 0 0 
25 90 24.0 1 0 0 0 
26 90 25.0 1 0 0 0 
27 90 26.0 1 0 0 0 
28 90 27.0 1 0 0 0 
29 90 28.0 1 0 0 0 
30 90 29.0 1 0 0 0 
31 90 30.0 1 0 0 0 
32 90 31.0 1 0 0 0 
33 90 32.0 1 0 0 0 
34 90 33.0 1 0 0 0 
35 90 34.0 1 0 0 0 
36 90 35.0 1 0 0 0 
37 90 36.0 1 0 0 0 
38 90 37.0 1 0 0 0 
39 90 38.0 1 0 0 0 
40 90 39.0 1 0 0 0 
41 90 40.0 1 0 0 0 
42 90 41.0 1 0 0 0 
43 90 42.0 1 0 0 0 
44 90 43.0 1 0 0 0 
45 90 44.0 1 0 0 0 
46 90 45.0 1 0 0 0 
47 90 46.0 1 0 0 0 
48 90 47.0 1 0 0 0 
49 90 48.0 1 0 0 0 
50 90 49.0 1 0 0 0 
51 90 50.0 1 0 0 0 
52 90 51.0 1 0 0 0 
53 90 52.0 1 0 0 0 
54 90 53.0 1 0 0 0 
55 90 54.0 1 0 0 0 
56 90 55.0 1 0 0 0 
57 90 56.0 1 0 0 0 
58 90 57.0 1 0 0 0 
59 90 58.0 1 0 0 0 
60 90 59.0 1 0 0 0 
61 90 60.0 1 0 0 0 
62 90 61.0 1 0 0 0 
63 90 62.0 1 0 0 0 
64 90 63.0 1 0 0 0 
65 90 64.0 1 0 0 0 
66 90 65.0 1 0 0 0 
67 90 66.0 1 0 0 0 
68 90 67.0 1 0 0 0 
69 90 68.0 1 0 0 0 
70 90 69.0 1 0 0 0 
71 90 70.0 1 0 0 0 
72 90 71.0 1 0 0 0 
73 90 72.0 1 0 0 0 
74 90 73.0 1 0 0 0 
75 90 74.0 1 0 0 0 
76 90 75.0 1 0 0 0 
77 90 76.0 1 0 0 0 
78 90 77.0 1 0 0 0 
79 90 78.0 1 0 0 0 
80 90 79.0 1 0 0 0 
81 90 80.0 1 0 0 0 
82 90 81.0 1 0 0 0 
83 90 82.0 1 0 0 0 
84 90 83.0 1 0 0 0 
85 90 84.0 1 0 0 0 
86 90 85.0 1 0 0 0 
87 90 86.0 1 0 0 0 
88 90 87.0 1 0 0 0 
89 90 88.0 1 0 0 0 
90 90 89.0 1 0 0 0 
91 90 90.0 1 0 0 0 
92 90 91.0 1 0 0 0 
93 90 92.0 1 0 0 0 
94 90 93.0 1 0 0 0 
95 90 94.0 1 0 0 0 
96 90 95.0 1 0 0 0 
97 90 96.0 1 0 0 0 
98 90 97.0 1 0 0 0 
99 90 98.0 1 0 0 0 
100 90 99.0 1 0 0 0 
101 90 100.0 1 0 0 0 
102 90 101.0 1 0 0 0 
103 90 102.0 1 0 0 0 
104 90 103.0 1 0 0 0 
105 90 104.0 1 0 0 0 
106 90 105.0 1 0 0 0 
107 90 106.0 1 0 0 0 
108 90 107.0 1 0 0 0 
109 90 108.0 1 0 0 0 
110 90 109.0 1 0 0 0 
111 90 110.0 1 0 0 0 
112 90 111.0 1 0 0 0 
113 90 112.0 1 0 0 0 
114 90 113.0 1 0 0 0 
115 90 114.0 1 0 0 0 
116 90 115.0 1 0 0 0 
117 90 116.0 1 0 0 0 
118 90 117.0 1 0 0 0 
119 90 118.0 1 0 0 0 
120 90 119.0 1 0 0 0 
121 90 120.0 1 0 0 0 
122 90 121.0 1 0 0 0 
123 90 122.0 1 0 0 0 
124 90 123.0 1 0 0 0 
125 90 124.0 1 0 0 0 
126 90 125.0 1 0 0 0 
127 90 126.0 1 0 0 0 
128 90 127.0 1 0 0 0 
129 90 128.0 1 0 0 0 
130 90 129.0 1 0 0 0 
131 90 130.0 1 0 0 0 
132 90 131.0 1 0 0 0 
133 90 132.0 1 0 0 0 
134 90 133.0 1 0 0 0 
135 90 134.0 1 0 0 0 
136 90 135.0 1 0 0 0 
137 90 136.0 1 0 0 0 
138 90 137.0 1 0 0 0 
139 90 138.0 1 0 0 0 
140 90 139.0 1 0 0 0 
141 90 140.0 1 0 0 0 
142 90 141.0 1 0 0 0 
143 90 142.0 1 0 0 0 
144 90 143.0 1 0 0 0 
145 90 144.0 1 0 0 0 
146 90 145.0 1 0 0 0 
147 90 146.0 1 0 0 0 
148 90 147.0 1 0 0 0 
149 90 148.0 1 0 0 0 
150 90 149.0 1 0 0 0 
151 90 150.0 1 0 0 0 
152 90 151.0 1 0 0 0 
153 90 152.0 1 0 0 0 
154 90 153.0 1 0 0 0 
155 90 154.0 1 0 0 0 
156 90 155.0 1 0 0 0 
157 90 156.0 1 0 0 0 
158 90 157.0 1 0 0 0 
159 90 158.0 1 0 0 0 
160 90 159.0 1 0 0 0 
161 90 160.0 1 0 0 0 
162 90 161.0 1 0 0 0 
163 90 162.0 1 0 0 0 
164 90 163.0 1 0 0 0 
165 90 164.0 1 0 0 0 
166 90 165.0 1 0 0 0 
167 90 166.0 1 0 0 0 
168 90 167.0 1 0 0 0 
169 90 168.0 1 0 0 0 
170 90 169.0 1 0 0 0 
171 90 170.0 1 0 0 0 
172 90 171.0 1 0 0 0 
173 90 172.0 1 0 0 0 
174 90 173.0 1 0 0 0 
175 90 174.0 1 0 0 0 
176 90 175.0 1 0 0 0 
177 90 176.0 1 0 0 0 
178 90 177.0 1 0 0 0 
179 90 178.0 1 0 0 0 
180 90 179.0 1 0 0 0 
181 90 180.0 1 0 0 0 
